988908064
1017707059
1006914063
974315111
994811092
1015705088
1006908041
974308061
1011209011
974302115
1016003081
1000206088
1017710138
1002503064
994809212
947707234
1015710136
999807128
1015707171
947701068
976208235
1016010030
992607215
962516214
1016914157
1015701002
1006912164
1016716126
1006914154
994816074
995706019
1011213001
950704165
947707222
1000213045
1015712035
988905038
1011201071
988901234
1015708088
992612036
1017714002
999810076
1011208150
947706074
1016704098
1015713026
992610190
