976206155
1016007058
988916111
1017707241
939808125
994813227
994806175
994816183
992614014
1002515116
1017706081
1000204059
939806210
999813211
1015709198
1002503173
1017712179
1011203178
994808237
994814027
994916126
988214135
1017705189
939807190
1002513075
1000201068
1011209009
939816192
939813132
1016710017
992614106
988210008
1011215152
994813021
1017713030
950704106
1017705064
1015705125
992605193
988906184
1011204126
939806199
994805073
1002514121
1011216074
1016702001
999805157
939806112
1011209135
974307124
1000213131
1017701116
976203081
977705018
992609180
1000214128
1000201063
947712197
994908028
939808046
1016712177
947709006
1016001101
1016012248
1015710040
1011210023
1016008200
1017710154
1011211067
988913223
1015709083
974305189
1017716092
939812205
974304247
