993612097
1001605073
1009907152
1010614043
1001907151
999402211
1001403212
950806135
1017106166
976206155
988410189
1009815099
1010009085
947401129
989905107
1002110175
992316052
948215149
994111136
977805250
1010003232
1000709201
992803013
980007110
951209001
974812221
938713055
1016503217
1000503173
947613235
1016007058
963916032
999901115
1001116163
1002005143
975605195
979015233
947508197
1002106236
1017905145
966701098
948216074
1001901018
965908147
1016104071
975606112
948915230
997814229
1018104246
948206095
950502212
978607172
980109225
964409166
939101052
988916111
1017614202
978911208
999512133
979101140
1017215130
990505126
974004029
947804033
978705196
989205231
991908076
1009608063
1017509068
947406139
1011302007
988309052
951006051
975304088
980406108
989915138
964713166
1016209013
1000510127
1017707241
939808125
998711029
977102065
975709121
994813227
999307148
977905182
977911186
1001116010
975214206
990305204
994806175
979913231
1015912230
995016250
963607117
1010813232
989107091
988311094
980002027
994008157
1015809209
938812136
939407216
978006199
994301244
994816183
1001007003
975612134
947616075
979010228
1009504177
999011191
989607117
992614014
991007052
964508203
980001059
989203141
1017401087
1001002172
1017815144
977413043
978314169
1002801034
1002515116
989408172
1009011194
990606063
1017706081
1010116159
979416020
950813160
992810180
966513190
964112127
991305120
994702028
1000204059
990516026
977609027
976009177
951202031
980214073
951112238
975607118
993314205
939806210
979112036
1001513027
947815083
950003087
939507116
999813211
966503099
964514046
977406198
996014058
965712063
991211177
976805167
1011002016
979415215
991112157
965411096
939311206
948013151
938811087
974413225
998115234
992715153
993610036
938609006
1017113147
995508193
995416089
966710112
976814113
1010814148
997908039
1003106048
977815134
950709153
994402151
1015709198
992801046
1010206245
1009316060
1002812143
947911195
975215010
1002503173
1017003201
1000005020
965810100
974111088
975312105
993506155
938713051
1009306009
980401146
991802007
993914037
1017712179
966213024
1000005113
1011203178
998713058
979004099
979402115
991410185
950715206
951209137
948603033
988609144
989413064
978510108
947907136
995009020
973903176
1011405200
1002712020
997910245
965015197
1011011036
993704030
995401188
995609107
939904024
938609107
974408126
980508084
966809101
1017503229
979614170
973909171
1009416051
994808237
964211178
1009907105
950911151
990507175
988405071
994107015
994814027
991312147
966808207
966012200
1002015035
998507114
990116219
948113157
947502183
947314157
1015908076
977614110
978703219
990215181
1016206084
1000914126
975904053
938505183
1010812211
948615049
993105044
991316103
999615190
978508081
999410214
975712242
948404162
994916126
995705185
1003016094
939416231
988214135
988613204
974610186
963304157
974611167
939511178
963603087
939403047
966805008
939013058
964116180
947505246
1018109211
948008142
976502071
1017705189
979613142
939807190
939511250
1016106241
993704181
949912130
964708181
1017508236
965802205
1017513076
964706156
976711191
990306227
1017409138
989408250
947409218
1009306190
1011315035
1010816228
948714112
1002513075
947907090
1018103124
998507019
964201110
938509009
995114149
1009809112
991914165
977101018
1017804250
993109049
979611097
947310222
994303159
990605162
1000201068
1009102120
1011209009
1000706009
950902135
939816192
998703145
950104008
975613179
947410247
965809144
992506163
939813132
1016710017
973915079
1010403200
992105126
976515025
975903016
992111205
997914131
978113232
992614106
1000314160
978603068
965008069
963307172
1009114225
1016206165
1011513011
948207103
988210008
951215153
1011215152
1017613126
1000704026
1009214084
1017616156
1016516218
1018101074
939303097
966513089
1009712095
994813021
964107117
977108200
964515188
1017613107
939708023
1000702106
1017513110
1001906207
995506048
963305185
1015808142
974711072
1017506248
976501117
995602080
999908219
992416109
1010914083
975310244
992205032
990810047
1017101174
964205147
979403198
991813169
1017615107
1017713030
966701144
1016803182
1018106224
947406202
988416027
974506230
1015411187
979909062
1011103092
966708199
991715106
995505237
947508081
995111216
1010401087
963314214
995415108
974005099
966509102
977308039
950704106
991612063
980507233
989703184
1017705064
992109223
977510151
1015705125
991805095
1002802211
1015403226
1017412118
939603181
995012093
949102107
1017613222
975801124
966508028
951308194
990603193
1001214139
938609020
951101103
949502192
999204048
950407038
973714219
1001914140
1001412068
980104071
979602208
1010705127
1016206206
1001613179
1017605001
991211237
992605193
994212115
966016084
993309230
994310237
948705050
989715061
976913044
995311103
979904052
988906184
1002001197
949814193
1000616131
950303157
976508208
1011204126
939513060
974514001
988403125
1015904124
978405065
999914225
995715023
1002416200
974007242
975605031
939806199
992501085
976707198
990003215
963307240
947510159
989015108
991715026
1000911143
1002909169
974502154
976115092
939910189
1015607132
978603181
977410246
975701121
994805073
993101038
1000010090
998501009
1016304052
998707036
989407037
1017511199
995615197
1016814221
1001110132
999005057
964615062
991915116
1017506159
973705182
989807023
1002015233
991701139
976313030
1002705008
993512230
995308146
977806235
965316246
1017913223
1009015187
964106068
1016402154
992303070
989015061
989405127
964412104
939909084
1001902035
977406145
1011505050
1017010103
993909077
1010910131
939907235
949704010
993610014
991816144
1001403050
1002514121
979003247
995702197
1010809039
1016111105
990812020
1001903242
947909077
992113023
976903206
1010710082
1000508071
991602172
1011216074
975613191
994016133
979006165
1001109116
1011008123
999313129
1017003104
1011012160
963815012
998104172
951109200
979213235
965012207
1009415085
980405134
979914006
939408145
1015609100
1015412177
979305134
947906166
1000502172
950316203
998601036
1000310041
975205237
948002133
1016702001
990906234
989012026
976901132
1017212207
992405146
999602092
999805157
1003013002
947811167
1018001166
979602063
990002222
966010160
1001706144
991714184
977116194
1002410206
977411195
991113232
993203145
1002301051
978411150
948708179
979714242
980114242
1000402022
976807066
938715139
939915043
950008076
939406067
995507026
1002301024
939806112
989608103
948714234
999214070
966116159
974111013
1001805208
1015409043
1000902170
999005069
939701138
966807171
1011209135
947609239
979011241
995013110
1017804039
979006238
993701120
990115133
965509009
975614093
975901230
992812196
976409241
1015410041
979113067
939313032
991015054
979015196
993116133
1009415107
993114172
938605208
974112201
1002106194
979008082
948812172
963715213
1017501002
974913208
974307124
1000916029
1011501027
948503216
948714036
1000213131
975609244
976712200
948115121
978907202
1009513144
1017910117
994913166
996016159
997902195
989602087
1011012019
993809233
980301240
1015804142
964309073
999403016
1010808109
992307147
979108020
998707121
964409007
1010711094
948505112
975214056
1000709049
1017403014
975214123
978205085
966715121
963716059
1000716089
974610126
979005070
966807010
974813190
990703052
949908181
948709160
1017701116
989116025
990509207
951203124
1017614218
993613139
1010801062
998615147
1015906100
976311040
976203081
993316203
1000907207
994107235
1011013211
1017507016
1015606094
993916010
977705018
978516001
993216111
1016415208
949901054
974116183
964113248
1011414031
1007009015
975004019
966716088
993902044
989708199
990011247
978413203
1002303082
1016510041
979208123
1009314124
974515045
994214226
992609180
999506141
992013237
1015404098
989007101
993402137
977414192
1011314056
1002814046
995710118
974405165
964109221
990013009
1000007051
1011011185
939511047
993314201
1010903047
974601021
966501041
965807169
980009011
974212149
975810205
1000702238
974407047
1017609136
1016101104
993607134
966003076
1009101168
990509182
992802072
938503194
974702127
975701170
1009507087
964209077
1017409100
998614026
1011515120
991205092
995116114
964201018
1000711188
989014182
994514010
998202180
976904049
977110155
999201162
975711136
964107043
1011514226
966009071
991101014
978508220
1001907011
1016403016
989703185
949113030
947613191
939915136
948503198
1001908224
1002204133
965815111
992404066
949506228
1000514104
974010050
979814070
964904248
1017904122
1000214128
991404071
993314135
1001210009
1017912183
974005010
993814161
938602249
977902065
974605167
1011513017
988315199
998605155
966307020
1001113068
1000201063
989202198
989207125
963315064
1010009026
976002063
975710136
979107210
974605099
999202237
1002113129
947901076
976911233
993215155
947712197
978602164
978916028
980409033
1009414012
976411135
974605118
976915052
947311221
994908028
1011309110
1000306235
1002308123
939808046
964605078
1010014117
1016712177
978003068
948714018
993116250
947709006
977915023
990415228
950804077
1001113189
1015808062
993614063
991115010
991008022
995704154
1017401138
1016001101
989207010
966605198
979405147
978905001
989605136
1016012248
974805190
979113156
995411199
964514099
1015710040
1001404096
976301033
975313079
1011210023
979610134
993814098
990504090
1001408174
1002001054
994206124
993309245
947809176
939908076
1015301024
1010205123
989614148
965908027
980002217
948309222
1011516188
1000409106
1016008200
990409049
1010716234
1002615206
978707137
1011008237
1000013131
999310195
965807171
1009202001
1017710154
989703071
1011211067
974004119
980305196
995401146
947602203
995405001
974409079
1011313216
948203152
1000709205
992811123
999610246
1002812235
977610005
999202191
1015808026
975201079
950906145
1009914133
990710250
975206185
977410012
990002106
1000313079
1017002036
948207020
1010710014
988913223
1000315023
966003093
990414106
1017505020
989611061
1001111001
979114080
989905195
949616240
1015607135
995113022
1010213016
964506195
1017908195
1001803195
995104044
1000014196
1009312230
1015709083
1010012190
1011314139
974305189
1017716092
991903088
1000713132
989014249
1009409205
1016812177
977008223
949506210
973905152
1010209173
994307137
979106136
976505092
1010406185
979616230
947607121
939812205
963913129
976509162
1001807069
1017101194
1001103215
974304247
991105126
992106046
965714232
951003053
999216001
937808200
974609192
966415186
991414160
1009915055
998501138
977505112
1010405107
1002416134
989314149
950808245
995109031
994307169
950516193
998614068
948604165
989005194
1000405117
978708172
980415131
977815186
975505248
1016201243
976104048
993207038
964412157
1001915103
998104154
990408052
994016204
1017407171
999604010
949814070
966507147
949902106
1017414147
991502051
947909160
966712141
939915198
994706136
939916208
1009204062
949608217
949707092
988303141
1016301074
1010909110
978512243
966706173
1002609012
978706238
974909083
1017511036
964401066
994205148
1017804239
1009415027
998902124
994114148
975206124
978903142
995513023
991402073
965108069
1017603034
979102157
993111131
965206238
1018111096
991516074
1016416025
978105004
938511158
950812139
978103072
950508087
996002054
980008217
979506048
991412050
949015158
948108102
974909166
1016810011
1011105112
979613178
939713192
1009506246
992404085
994113200
949912122
977810180
998716001
965815071
1016113203
947505191
1000612039
948506163
939914158
1017407036
991809151
1010609124
976814250
998715009
1015612134
988908064
995614031
992808102
977412178
978511195
993116056
989104129
988512149
950905086
993205114
1001909144
949605120
948005016
978710134
978407201
994607047
975508179
988303201
989201097
994404167
978514078
991110097
980402211
948914182
974613032
1009703082
1016614010
991710142
965207025
991910119
979909050
999207096
979508199
973712049
979803173
963911191
1015805114
988302205
977510141
1010013228
964905194
977902083
988302127
994702054
974908114
1000701197
1009209043
990102192
951301245
978812070
1017707059
1002716211
1006914063
994208055
976315077
1010810245
993915025
974315111
988711074
1017601129
1002806085
994102121
990604073
1002911088
994811092
993711178
990905216
939403135
1015705088
978607069
1000407085
1003006081
979513030
939202041
980507020
1006908041
974308061
992002133
995503218
1002004227
991911211
990710037
994411097
1016107036
974109237
994604118
965003092
964605044
999315097
947815199
938501119
978704077
1000114225
1010411072
947414068
1002712124
1001905051
999315150
976407033
974811118
974713107
1009902247
939202006
980505029
990113055
1007009020
998610082
978711209
994215054
951106026
939516248
966103113
949315037
1011505117
964503182
979502027
979508079
975312037
950503171
947903075
1009115033
989913225
964211194
975303219
939311183
998111103
950405200
980002016
975012060
976808070
1009603045
989709107
979516246
939508192
939712047
976403068
1009808210
991209136
1002712084
998101194
998515100
1000910190
963405139
963812157
939704177
1009907016
1011209011
979503152
938508078
996004129
998204071
975602067
993715115
991414204
988615216
948105075
977416082
949602178
964311177
991805249
1000009190
1016211208
990809244
980413220
994208075
990303014
978012070
1016514147
979009039
1002705057
974302115
1016105060
964201235
994312082
994008206
991904089
999312184
1016003081
995608008
978703051
938612207
1016112139
993208022
1000614114
1015604118
938615156
1010315121
993212070
994215147
980302142
977115147
990101115
966005043
975513223
995716238
1010114222
963715012
995504140
976305248
994105026
1000206088
978811237
949807242
1017710138
995616059
975503181
964102054
1000913026
1011115095
998607062
990616248
950913190
988512100
977405173
965701041
1009415001
951312147
994106037
948504181
964007058
996002228
999212030
949912066
1016106249
939506238
947406110
989410114
1017915155
963413225
994906073
995611153
1017413136
979511097
991108235
1009506228
994115101
949909226
950402104
1002503064
977406025
938908236
994202068
979101059
1011501160
991709160
992407209
1017115119
994809212
964109187
1009614154
1002702066
978515057
975013234
964601024
947316079
939310225
947707234
1015710136
979004007
939706089
976316005
1011304069
980007170
938503013
1000307064
977415100
988603248
1002010185
948802122
1016108027
973802158
1000901236
978304049
994604068
977902153
976910003
993014225
1015913045
948115052
989206112
977212055
1000010187
951116230
1002706168
1003013203
990215177
948005099
990111096
974905004
974010209
999807128
1015707171
991701249
964214157
1001013152
991315010
975108094
980206119
939201095
1015601238
948603017
989413031
979414126
977806078
1017803229
994209169
1001608121
977912130
1009413211
1002015097
989204126
990508173
989009001
1009911115
950404232
977408194
964901005
990510155
975801172
976712040
990107026
993909051
999009177
949412086
1000315100
947811162
938711201
949709047
947701068
975301212
990110145
1017209218
993705082
993416210
947903208
989909044
1015504232
1009903083
951402058
998109157
994416080
966306108
975105098
1017805105
1000414161
992509197
948004096
939307162
950505037
990002206
1016807171
964507103
1016202005
948808218
977115051
976412222
975811221
978602130
1000609203
948515156
990404110
950612051
939414220
1017613076
978412022
965702102
976104094
1010008154
964201222
1010609100
948111184
1016810198
978906067
978101151
980411056
988316109
979107074
992707198
965715139
1000908081
988307066
989105183
948707049
1001002176
976306099
979313172
1010904185
977816232
976208235
949902069
979103194
966012055
1016010030
966810213
992111232
1002810168
994109138
965205181
998615097
992607215
947905051
977906188
1010113051
990706162
993512029
990209135
978503245
977407171
1010106113
965706189
988504033
1010412105
965002183
976315100
938615213
1010416146
1009702163
993406173
975416051
1016505153
979414213
939509086
977407194
998609155
975903078
988712177
990105053
991413136
989812235
978402044
998107104
939416030
1016105028
1010002070
989103187
1001812135
988308154
990116103
1000304137
963507124
980512133
977113091
939712123
966302038
1010610016
990602092
979505041
991204091
998311090
974508244
999005212
976109121
962516214
974912172
948202163
989212241
948902202
990801108
999506013
1016914157
1011401151
1015701002
939515208
990513165
1006912164
974807122
1001811011
979807135
992012244
963602046
1001806089
1011303196
979207042
1009512117
948412235
947602031
964413023
979409049
949706184
978510185
1016215186
948611177
1015610166
989110091
995508084
1016716126
974802239
978407069
989008058
992307139
1006914154
1016102048
988816059
965007128
997805231
993106075
947811206
988414060
988309084
948713034
1017607210
1001614220
1017011168
947410231
951116130
938506046
994816074
990311016
976502193
989401129
989113011
998505166
1001201115
990310155
995706019
939515185
989215155
999206153
1016112214
1017011234
1017011211
988312157
1011213001
992703189
978102142
947406175
992003218
1002006117
990711063
1001902142
965916097
1010903196
963807055
979603011
966607023
990601093
1001104007
989813131
977413179
939907029
949709114
951215138
978111154
995513170
939416051
950704165
938903140
991805194
964605053
976909122
1009203151
1000701095
998614109
998213132
989216049
950501097
978908089
939716102
988403213
991504014
995908202
993910206
973709167
1016411008
976303023
950801063
1001916130
1010802194
947707222
977408184
998301244
976806075
992811160
992308166
947410115
947507012
1010203146
990016131
1011504156
947415100
991812083
1009806237
979403052
974411123
992208009
974605136
948714219
964203178
965510204
947503185
1017513204
965111056
977305126
995415136
966009175
974714142
938606052
990302241
999602099
979811016
965701169
965105072
978611023
1009208192
979503007
964009001
963303250
939514026
964507127
992401154
1016909103
964116128
1016112050
978604133
947803085
1000213045
978511123
992008167
990412147
948912037
990915149
963802052
1000015122
966602133
1009913131
1016110104
1016111103
993714139
964104139
949703098
1015712035
990307111
988905038
1017906076
994202106
999214124
991111247
994501071
965216051
990605041
964602086
980414180
1001103203
988505033
950513106
1003115087
995813088
992203064
975106163
1003212200
992106096
990814224
963313034
1009410150
978004245
999216063
999914216
988604144
951203032
964510159
976412050
990305053
978008213
993515228
998102237
964701067
989004163
989103180
948715135
989714068
1017008233
939716049
1011006188
973915100
994010162
948508162
1017909142
990708208
948508045
948901084
1011106083
979508152
995105168
1016215149
1009415002
951001174
978407057
995513147
994208063
939516094
1011201071
1000006230
1009806023
948014131
979508086
951008218
994215078
1000611074
988306145
1017211088
974509159
995611214
948512241
950814110
948216029
978915155
950816242
949708056
950413008
994707083
966801074
992112242
1007012079
1016113045
1002415095
990507235
1002402077
947813133
949304114
977815052
989609212
995902048
939714043
965009055
988605099
979515092
991812047
939914117
964213051
998514083
1010402042
992811242
979515181
979411243
950001117
988901234
998516243
949105205
995006073
1015708088
1017306194
995502245
1000912032
978003056
990409002
994710136
988409204
1009907027
1009906083
951016231
973713076
948504039
1001704233
1011306214
980407250
1016303022
948008157
965909107
947804232
1002810136
966801168
988604054
990009052
990703097
991902238
978507025
975211073
1002407101
1009601239
980013241
966812030
979411168
1010916221
980515141
948408235
998707084
1000307222
1018014245
989102116
1010403088
994514041
991805107
1011501110
1009916077
993706081
947307122
994310016
949902250
1011410099
992612036
978808020
974901200
965910100
991208228
989807096
948204156
978706043
950013248
1003006185
948713202
975303092
978010008
977204153
1000309014
1009904133
964306104
962301054
988316049
950804098
949816113
1009405195
991907119
939507001
977912179
1000907101
993814094
998507230
1009915038
947816231
1017714002
1002810124
1011512248
975602063
979208081
988514126
1009409115
1009703052
938503212
950808206
975112127
994211216
999810076
989307073
1009014010
993007054
1011107193
1010115113
974906074
1009114218
947910050
1009511151
994106124
1010608147
1010813112
976308215
1017807049
1017310001
990701196
1009816215
949715143
990711101
1002905073
990813242
1009416247
999307249
948607082
1010702040
1011208150
948514201
948104019
977403048
974709083
977412118
947706074
1002007037
1009306186
1009103215
991808110
965716012
974808217
990811074
939707104
994001164
951305127
1016704098
994102216
990104142
949304132
992709185
975111053
998505007
1015713026
980513023
1017505215
992610190
1017616230
990905138
974812067
1010302101
1000301191
947507217
1002902191
950708230
1001915001
977915050
989408147
991906068
990911118
939204113
973807036
994105092
990204104
1002002080
988404013
1016110219
947803108
1010403003
1009807075
948405014
1015708033
989007049
939414057
939406081
947503097
992714119
964413202
989711017
990306245
978706128
995503214
974913127
939812231
1000307149
939207024
949705149
991812177
990204080
974904032
966704132
966008096
989015043
948102215
980404250
974902101
949604165
966710173
993903016
974912197
947908181
1017615213
991916063
990306194
993516092
948707249
978502092
978714079
990005224
965104088
978511111
966710108
993801158
1009102204
999504171
977203140
939913016
939704183
949002202
995512214
992715198
977411157
989407094
991908151
974912168
976913081
978707029
979906178
990111013
990514212
990014188
978705241
939205216
938604068
994809008
979401151
990113092
950806194
949813165
994601021
991807041
939716246
939701176
939705077
998605175
939715133
988803085
939504085
979409244
991815206
991907057
994106120
974915189
1010204042
978007198
978516097
990110023
991904032
938509188
999405109
965408215
989001084
949114246
989416224
1002716178
1016208110
966702068
990512135
993816072
980505036
948514245
948816094
992709109
978704112
993812161
938614160
978508063
939416025
1016503220
1000308240
949303010
1000303033
1016806028
939204157
1017705048
977609022
966213012
989007112
979613136
978710213
991911162
980511059
963307230
1000301164
990213102
990212238
978414006
1017603142
990003127
1016010187
939815119
947915127
963711123
948202206
990212134
990013172
995513222
990106038
993815228
994108243
1017306088
1009506214
990206068
989008180
991908224
992703083
993809145
1010409160
991906009
979111121
991915012
966403121
939215199
939716098
1000304012
948002139
974910219
991901197
976802195
980103089
978509001
1001603058
974903141
947412240
990105130
1002912039
989405176
949914189
989006222
989712184
965409047
993812141
989415122
949005027
947902088
939701040
995507222
939904135
966710126
948713012
1007013129
991607056
978715111
965014231
948513019
939201022
939707082
1002403086
991906065
1010404240
992703047
995506174
966208017
939611059
990502045
938611069
991908102
1016213001
939709146
975709192
948311038
977205089
1002713238
963907221
992804041
1011209239
993807240
978707191
978713239
991810219
964208167
994103053
1017704147
939708198
998602094
939810109
978508197
989014172
1009411038
938607011
1017813011
1016706071
966711090
949007187
964213180
966003127
978814016
994906163
976811067
939205142
990012226
948711156
977201021
994116026
948707136
978003080
938606238
978714094
994109163
994115078
975712077
948208215
994906245
1016007069
939410234
939206071
990502046
990103053
978011246
1011502048
978512177
966011118
939805036
1016207175
990208026
988315188
992811012
966706167
989002238
977205153
938608178
979807015
979309176
974904139
939210006
978714157
989012210
939307011
977201219
966708100
947903190
1011410066
991901218
939705157
991815087
1000714055
1009301115
939409239
966206120
966716049
978515139
994001083
1015511075
991803100
979405132
1017804007
978714190
950501142
976103010
978716237
979405017
992715014
965102145
966213207
978007011
990005048
992310244
939705055
990207221
989002161
939807051
991911178
978502174
1010709050
977113136
974604247
966213192
976905158
1000910158
947912022
939412138
979412071
989011088
1016208012
938602217
994909108
939812078
939812019
980508086
978001196
947704025
977412053
1018109154
988507124
994912181
939412184
979410082
1000307074
939212232
1017802153
938711104
991801248
966702193
990110121
977415149
990209156
992712110
994011090
992713216
947414127
1000116103
999205088
939708179
1009315119
974016236
991802174
1016106067
993801115
978504037
994912160
1016212164
948807054
949905068
990114103
949114067
964309180
948616208
994114221
939816102
994115127
975705187
994110189
978716156
1010407011
939411186
993608212
1000302046
980504123
989009090
975009199
977203098
999603206
979401018
999509245
990208199
991913172
1017416077
993212228
964002080
974901218
978509150
989016121
1009410076
978007213
939815081
989410012
948111034
977112238
980506003
949008224
978701248
978508046
951308234
988307075
938505172
991815197
994415189
999903154
991909212
979411078
966014201
992713078
974907040
991802066
980506004
994108223
939406227
978001158
947904032
939213146
977604236
977208121
947909039
1016207249
1017713051
990201059
993805061
1010403210
949605008
978703235
965802164
979210086
950116183
1011209188
994906131
979507248
975711096
1010816226
990315215
949904020
990202154
939711060
939807236
979403170
978706192
948706220
990216009
990103004
939716088
978509116
977116180
939807216
976316085
1016210187
974111211
938602236
991911088
966711111
963801169
988307170
978711115
990510245
938606153
939714233
964210155
988311059
1017713246
965214078
1006908222
939209175
948709177
992107127
988310124
990102030
989010120
980207133
993807208
978002157
938615234
938615189
989411180
980416085
966707236
980515228
989009195
975704121
994711052
949904137
949707175
1000209175
939416237
990103141
990216012
950606153
993802193
939407165
966007118
988411188
991911180
977415094
964102218
991911243
978005052
990013139
990107108
991803191
979415154
992708229
948707086
990205075
990502083
947902026
1009804029
1000312030
990305005
978506052
979002127
990102164
939810153
993815122
1011314063
1016513078
994110155
948512075
990211164
1017501085
978505163
978706059
976314201
1017813050
989011188
939513191
1017714204
973807137
939513179
948708145
939710035
1002709150
966707107
1009816188
949005121
966716121
991916197
991911234
989214041
949503051
992709200
939915064
947903092
989412127
990216102
978504173
989008188
1000312127
975702073
990216105
978509200
979403006
965712096
977801220
991815139
1002410100
938607131
991602001
978003083
978003197
991807220
991508039
994110022
977411062
938615220
991901056
990209086
993815038
980503114
951216237
939404160
989001162
939804106
1016011071
988315074
939408142
939909029
938602080
991805103
990206114
991905225
994913146
991815071
973801060
974704026
975907007
974901041
991815085
990205096
993609031
992713172
939203196
948707111
990503029
939712039
948702023
993902162
991815054
989715130
979407137
991815216
980502155
973803033
1016805044
978005213
948811237
1000316232
991909152
978003189
980208105
966703224
1010713112
975714152
977001248
938613035
994102090
991816088
994206194
965813126
989405047
994101018
966714106
990412241
939212188
966003065
978512211
966712063
992708050
1017103231
994013034
939708247
949504174
993716059
980513126
989002001
978008212
978511011
995412057
1011208042
1000110158
947906028
975305185
965207086
994108155
994114103
939201011
966702203
1002712244
949511177
991806052
978710136
938615083
1011103184
975710196
939411226
963602031
990203220
999309001
978012226
994103186
966704088
949908120
974902090
948715195
1016215115
989708160
979609207
939812243
951204025
989012238
995607109
948716214
992713211
989213178
991813007
939207032
989401039
974204030
939202136
947910141
1000315057
979412238
1000706243
1000515094
1016312124
1016808012
939913098
976916134
990108162
989009200
980507134
976808173
939508022
948701158
995515008
991901104
948512019
976311074
978510243
980501070
980416164
939215003
948704169
999907151
976104098
991608103
978904112
992004077
947815078
991903247
989413155
979208126
1017710019
948701200
980515038
975714099
947903087
938810161
966713196
980503158
939504045
992713061
992715150
965203156
994912145
948501176
978009094
990215170
991811226
989013199
1009509187
939808136
948103172
976903189
974907069
978705148
994112097
994113092
974013009
978705165
994104030
1002113018
966706166
1016103097
1006916011
978001238
948702009
991901134
979410123
974116119
948507211
978705126
992705149
1000313218
977609015
947510197
989011013
951308148
990203092
1002604235
966808172
964614027
978710016
938802035
974911214
999211191
939902016
993804144
974903053
980514165
939408026
948515122
975712137
947512078
991912100
989405063
998405003
992711009
1006915012
947505038
978011104
975007083
948708109
989001045
974903186
990213051
964306238
974105172
948511160
939409019
978714219
991910205
974911234
980510082
1000508195
938613062
976101229
976312226
995503191
1016808019
994115190
938601140
1002813173
988916088
948713016
1017810187
947915216
939705229
1018114056
1015904089
988914189
966013115
1000316088
939801060
995515061
948716102
978709172
1016213059
978010044
1016201157
978812064
989701158
995503016
939701152
990207153
975711131
991906120
977114104
1000303065
989416192
978008079
978005065
939706008
975703045
965513245
939707073
991915145
980204140
977208245
1009905107
978512104
939904239
991814165
990213057
1002002212
1010908247
1000006055
1015904133
978514029
939710010
966211234
1016204086
949005147
977409106
989402133
974609111
994411035
978705225
990205118
949915094
1017110019
966711074
966716180
990116223
939208151
939816149
989003140
948706160
991816041
978610246
939815203
989404179
993812144
939912026
991410020
991907038
989407134
991810046
999016012
992110124
978502066
1016214227
1002502072
1016005014
990208188
948409244
978007054
988312180
947914232
939802081
949706147
1007001189
978502054
1010909101
979810014
966712027
993805084
978504230
966009136
965407234
1003206229
999803222
975716192
992715049
966213026
939202225
939816230
964607229
1007015010
978515037
1010603218
989014173
1016203066
939804174
1003004157
991909101
976602022
978512241
1017509154
1017606033
1011510076
947504170
976308096
995814106
1009009084
1016212211
991905175
1016411232
978703181
979402007
991108090
993813022
1002305243
938606113
938602118
966416096
980507105
1010304099
991903070
977205076
977612073
939713037
1002211188
993215220
949111167
989308208
948611061
948712113
978703242
980501117
994912130
1016203184
989002180
950508224
992502224
949905161
995505175
975803088
991915063
991803096
992711140
1002808199
966713112
949001136
991902198
1000302243
948512193
978705056
989408102
947303219
1002014182
991803232
938605168
992715106
991906049
938610028
994305005
939210167
975511221
939801136
948513117
939202119
1002014015
998116119
938601129
994103109
989002020
964311208
948514118
947808223
965103225
