974609192
966415186
991414160
1009915055
998501138
977505112
1010405107
1002416134
989314149
950808245
995109031
994307169
950516193
998614068
948604165
989005194
1000405117
978708172
980415131
977815186
975505248
1016201243
976104048
993207038
964412157
1001915103
998104154
990408052
994016204
1017407171
999604010
949814070
966507147
949902106
1017414147
991502051
947909160
966712141
939915198
994706136
939916208
1009204062
949608217
949707092
988303141
1016301074
1010909110
978512243
966706173
1002609012
978706238
974909083
1017511036
964401066
994205148
1017804239
1009415027
998902124
994114148
975206124
978903142
995513023
991402073
965108069
1017603034
979102157
993111131
965206238
1018111096
991516074
1016416025
978105004
938511158
950812139
978103072
950508087
996002054
980008217
979506048
991412050
949015158
948108102
974909166
1016810011
1011105112
979613178
939713192
1009506246
992404085
994113200
949912122
977810180
998716001
965815071
1016113203
947505191
1000612039
948506163
939914158
1017407036
991809151
1010609124
976814250
998715009
1015612134
988908064
995614031
992808102
977412178
978511195
993116056
989104129
988512149
950905086
993205114
1001909144
949605120
948005016
978710134
978407201
994607047
975508179
988303201
989201097
994404167
978514078
991110097
980402211
948914182
974613032
1009703082
1016614010
991710142
965207025
991910119
979909050
999207096
979508199
973712049
979803173
963911191
1015805114
988302205
977510141
1010013228
964905194
977902083
988302127
994702054
974908114
1000701197
1009209043
990102192
951301245
978812070
1017707059
1002716211
1006914063
994208055
976315077
1010810245
993915025
974315111
988711074
1017601129
1002806085
994102121
990604073
1002911088
994811092
993711178
990905216
939403135
1015705088
978607069
1000407085
1003006081
979513030
939202041
980507020
1006908041
974308061
992002133
995503218
1002004227
991911211
990710037
994411097
1016107036
974109237
994604118
965003092
964605044
999315097
947815199
938501119
978704077
1000114225
1010411072
947414068
1002712124
1001905051
999315150
976407033
974811118
974713107
1009902247
939202006
980505029
990113055
1007009020
998610082
978711209
994215054
951106026
939516248
966103113
949315037
1011505117
964503182
979502027
979508079
975312037
950503171
947903075
1009115033
989913225
964211194
975303219
939311183
998111103
950405200
980002016
975012060
976808070
1009603045
989709107
979516246
939508192
939712047
976403068
1009808210
991209136
1002712084
998101194
998515100
1000910190
963405139
963812157
939704177
1009907016
1011209011
979503152
938508078
996004129
998204071
975602067
993715115
991414204
988615216
948105075
977416082
949602178
964311177
991805249
1000009190
1016211208
990809244
980413220
994208075
990303014
978012070
1016514147
979009039
1002705057
974302115
1016105060
964201235
994312082
994008206
991904089
999312184
1016003081
995608008
978703051
938612207
1016112139
993208022
1000614114
1015604118
938615156
1010315121
993212070
994215147
980302142
977115147
990101115
966005043
975513223
995716238
1010114222
963715012
995504140
976305248
994105026
1000206088
978811237
949807242
1017710138
995616059
975503181
964102054
1000913026
1011115095
998607062
990616248
950913190
988512100
977405173
965701041
1009415001
951312147
994106037
948504181
964007058
996002228
999212030
949912066
1016106249
939506238
947406110
989410114
1017915155
963413225
994906073
995611153
1017413136
979511097
991108235
1009506228
994115101
949909226
950402104
1002503064
977406025
938908236
994202068
979101059
1011501160
991709160
992407209
1017115119
994809212
964109187
1009614154
1002702066
978515057
975013234
964601024
947316079
939310225
947707234
1015710136
979004007
939706089
976316005
1011304069
980007170
938503013
1000307064
977415100
988603248
1002010185
948802122
1016108027
973802158
1000901236
978304049
994604068
977902153
976910003
993014225
1015913045
948115052
989206112
977212055
1000010187
951116230
1002706168
1003013203
990215177
948005099
990111096
974905004
974010209
999807128
1015707171
991701249
964214157
1001013152
991315010
975108094
980206119
939201095
1015601238
948603017
989413031
979414126
977806078
1017803229
994209169
1001608121
977912130
1009413211
1002015097
989204126
990508173
989009001
1009911115
950404232
977408194
964901005
990510155
975801172
976712040
990107026
993909051
999009177
949412086
1000315100
947811162
938711201
949709047
947701068
975301212
990110145
1017209218
993705082
993416210
947903208
989909044
1015504232
1009903083
951402058
998109157
994416080
966306108
975105098
1017805105
1000414161
992509197
948004096
939307162
950505037
990002206
1016807171
964507103
1016202005
948808218
977115051
976412222
975811221
978602130
1000609203
948515156
990404110
950612051
939414220
1017613076
978412022
965702102
976104094
1010008154
964201222
1010609100
948111184
1016810198
978906067
978101151
980411056
988316109
979107074
992707198
965715139
1000908081
988307066
989105183
948707049
1001002176
976306099
979313172
1010904185
977816232
976208235
949902069
979103194
966012055
1016010030
966810213
992111232
1002810168
994109138
965205181
998615097
992607215
947905051
977906188
1010113051
990706162
993512029
990209135
978503245
977407171
1010106113
965706189
988504033
1010412105
965002183
976315100
938615213
1010416146
1009702163
993406173
975416051
1016505153
979414213
939509086
977407194
998609155
975903078
988712177
990105053
991413136
989812235
978402044
998107104
939416030
1016105028
1010002070
989103187
1001812135
988308154
990116103
1000304137
963507124
980512133
977113091
939712123
966302038
1010610016
990602092
979505041
991204091
998311090
974508244
999005212
976109121
962516214
974912172
948202163
989212241
948902202
990801108
999506013
1016914157
1011401151
1015701002
939515208
990513165
1006912164
974807122
1001811011
979807135
992012244
963602046
1001806089
1011303196
979207042
1009512117
948412235
947602031
964413023
979409049
949706184
978510185
1016215186
948611177
1015610166
989110091
995508084
1016716126
974802239
978407069
989008058
992307139
1006914154
1016102048
988816059
965007128
997805231
993106075
947811206
988414060
988309084
948713034
1017607210
1001614220
1017011168
947410231
951116130
938506046
994816074
990311016
976502193
989401129
989113011
998505166
1001201115
990310155
995706019
939515185
989215155
999206153
1016112214
1017011234
1017011211
988312157
1011213001
992703189
978102142
947406175
992003218
1002006117
990711063
1001902142
965916097
1010903196
963807055
979603011
966607023
990601093
1001104007
989813131
977413179
939907029
949709114
951215138
978111154
995513170
939416051
950704165
938903140
991805194
964605053
976909122
1009203151
1000701095
998614109
998213132
989216049
950501097
978908089
939716102
988403213
991504014
995908202
993910206
973709167
1016411008
976303023
950801063
1001916130
1010802194
947707222
977408184
998301244
976806075
992811160
992308166
947410115
947507012
1010203146
990016131
1011504156
947415100
991812083
1009806237
979403052
974411123
992208009
974605136
948714219
964203178
965510204
947503185
1017513204
965111056
977305126
995415136
966009175
974714142
938606052
990302241
999602099
979811016
965701169
965105072
978611023
1009208192
979503007
964009001
963303250
939514026
964507127
992401154
1016909103
964116128
1016112050
978604133
947803085
1000213045
978511123
992008167
990412147
948912037
990915149
963802052
1000015122
966602133
1009913131
1016110104
1016111103
993714139
964104139
949703098
1015712035
990307111
988905038
1017906076
994202106
999214124
991111247
994501071
965216051
990605041
964602086
980414180
1001103203
988505033
950513106
1003115087
995813088
992203064
975106163
1003212200
992106096
990814224
963313034
1009410150
978004245
999216063
999914216
988604144
951203032
964510159
976412050
990305053
978008213
993515228
998102237
964701067
989004163
989103180
948715135
989714068
1017008233
939716049
1011006188
973915100
994010162
948508162
1017909142
990708208
948508045
948901084
1011106083
979508152
995105168
1016215149
1009415002
951001174
978407057
995513147
994208063
939516094
1011201071
1000006230
1009806023
948014131
979508086
951008218
994215078
1000611074
988306145
1017211088
974509159
995611214
948512241
950814110
948216029
978915155
950816242
949708056
950413008
994707083
966801074
992112242
1007012079
1016113045
1002415095
990507235
1002402077
947813133
949304114
977815052
989609212
995902048
939714043
965009055
988605099
979515092
991812047
939914117
964213051
998514083
1010402042
992811242
979515181
979411243
950001117
988901234
998516243
949105205
995006073
1015708088
1017306194
995502245
1000912032
978003056
990409002
994710136
988409204
1009907027
1009906083
951016231
973713076
948504039
1001704233
1011306214
980407250
1016303022
948008157
965909107
947804232
1002810136
966801168
988604054
990009052
990703097
991902238
978507025
975211073
1002407101
1009601239
980013241
966812030
979411168
1010916221
980515141
948408235
998707084
1000307222
1018014245
989102116
1010403088
994514041
991805107
1011501110
1009916077
993706081
947307122
994310016
949902250
1011410099
992612036
978808020
974901200
965910100
991208228
989807096
948204156
978706043
950013248
1003006185
948713202
975303092
978010008
977204153
1000309014
1009904133
964306104
962301054
988316049
950804098
949816113
1009405195
991907119
939507001
977912179
1000907101
993814094
998507230
1009915038
947816231
1017714002
1002810124
1011512248
975602063
979208081
988514126
1009409115
1009703052
938503212
950808206
975112127
994211216
999810076
989307073
1009014010
993007054
1011107193
1010115113
974906074
1009114218
947910050
1009511151
994106124
1010608147
1010813112
976308215
1017807049
1017310001
990701196
1009816215
949715143
990711101
1002905073
990813242
1009416247
999307249
948607082
1010702040
1011208150
948514201
948104019
977403048
974709083
977412118
947706074
1002007037
1009306186
1009103215
991808110
965716012
974808217
990811074
939707104
994001164
951305127
1016704098
994102216
990104142
949304132
992709185
975111053
998505007
1015713026
980513023
1017505215
992610190
1017616230
990905138
974812067
1010302101
1000301191
947507217
1002902191
950708230
1001915001
977915050
