989408147
991906068
990911118
939204113
973807036
994105092
990204104
1002002080
988404013
1016110219
947803108
1010403003
1009807075
948405014
1015708033
989007049
939414057
939406081
947503097
992714119
964413202
989711017
990306245
978706128
995503214
974913127
939812231
1000307149
939207024
949705149
991812177
990204080
974904032
966704132
966008096
989015043
948102215
980404250
974902101
949604165
966710173
993903016
974912197
947908181
1017615213
991916063
990306194
993516092
948707249
978502092
978714079
990005224
965104088
978511111
966710108
993801158
1009102204
999504171
977203140
939913016
939704183
949002202
995512214
992715198
977411157
989407094
991908151
974912168
976913081
978707029
979906178
990111013
990514212
990014188
978705241
939205216
938604068
994809008
979401151
990113092
950806194
949813165
994601021
991807041
939716246
939701176
939705077
998605175
939715133
988803085
939504085
979409244
991815206
991907057
994106120
974915189
1010204042
978007198
978516097
990110023
991904032
938509188
999405109
965408215
989001084
949114246
989416224
1002716178
1016208110
966702068
990512135
993816072
980505036
948514245
948816094
992709109
978704112
993812161
938614160
978508063
939416025
1016503220
1000308240
949303010
1000303033
1016806028
939204157
1017705048
977609022
966213012
989007112
979613136
978710213
991911162
980511059
963307230
1000301164
990213102
990212238
978414006
1017603142
990003127
1016010187
939815119
947915127
963711123
948202206
990212134
990013172
995513222
990106038
993815228
994108243
1017306088
1009506214
990206068
989008180
991908224
992703083
993809145
1010409160
991906009
979111121
991915012
966403121
939215199
939716098
1000304012
948002139
974910219
991901197
976802195
980103089
978509001
1001603058
974903141
947412240
990105130
1002912039
989405176
949914189
989006222
989712184
965409047
993812141
989415122
949005027
947902088
939701040
995507222
939904135
966710126
948713012
1007013129
991607056
978715111
965014231
948513019
939201022
939707082
1002403086
991906065
1010404240
992703047
995506174
966208017
939611059
990502045
938611069
991908102
1016213001
939709146
975709192
948311038
977205089
1002713238
963907221
992804041
1011209239
993807240
978707191
978713239
991810219
964208167
994103053
1017704147
939708198
998602094
939810109
978508197
989014172
1009411038
938607011
1017813011
1016706071
966711090
949007187
964213180
966003127
978814016
994906163
976811067
939205142
990012226
948711156
977201021
994116026
948707136
978003080
938606238
978714094
994109163
994115078
975712077
948208215
994906245
1016007069
939410234
939206071
990502046
990103053
978011246
1011502048
978512177
966011118
939805036
1016207175
990208026
988315188
992811012
966706167
989002238
977205153
938608178
979807015
979309176
974904139
939210006
978714157
989012210
939307011
977201219
966708100
947903190
1011410066
991901218
939705157
991815087
1000714055
1009301115
939409239
966206120
966716049
978515139
994001083
1015511075
991803100
979405132
1017804007
978714190
950501142
976103010
978716237
979405017
992715014
965102145
966213207
978007011
990005048
992310244
939705055
990207221
989002161
939807051
991911178
978502174
1010709050
977113136
974604247
966213192
976905158
1000910158
947912022
939412138
979412071
989011088
1016208012
938602217
994909108
939812078
939812019
980508086
978001196
947704025
977412053
1018109154
988507124
994912181
939412184
979410082
1000307074
939212232
1017802153
938711104
991801248
966702193
990110121
977415149
990209156
992712110
994011090
992713216
947414127
1000116103
999205088
939708179
1009315119
974016236
991802174
1016106067
993801115
978504037
994912160
1016212164
948807054
949905068
990114103
949114067
964309180
948616208
994114221
939816102
994115127
975705187
994110189
978716156
1010407011
939411186
993608212
1000302046
980504123
989009090
975009199
977203098
999603206
979401018
999509245
990208199
991913172
1017416077
993212228
964002080
974901218
978509150
989016121
1009410076
978007213
939815081
989410012
948111034
977112238
980506003
949008224
978701248
978508046
951308234
988307075
938505172
991815197
994415189
999903154
991909212
979411078
966014201
992713078
974907040
991802066
980506004
994108223
939406227
978001158
947904032
939213146
977604236
977208121
947909039
1016207249
1017713051
990201059
993805061
1010403210
949605008
978703235
965802164
979210086
950116183
1011209188
994906131
979507248
975711096
1010816226
990315215
949904020
990202154
939711060
939807236
979403170
978706192
948706220
990216009
990103004
939716088
978509116
977116180
939807216
976316085
1016210187
974111211
938602236
991911088
966711111
963801169
988307170
978711115
990510245
938606153
939714233
964210155
988311059
1017713246
965214078
1006908222
939209175
948709177
992107127
988310124
990102030
989010120
980207133
993807208
978002157
938615234
938615189
989411180
980416085
966707236
980515228
989009195
975704121
994711052
949904137
949707175
1000209175
939416237
990103141
990216012
950606153
993802193
939407165
966007118
988411188
991911180
977415094
964102218
991911243
978005052
990013139
990107108
991803191
979415154
992708229
948707086
990205075
990502083
947902026
1009804029
1000312030
990305005
978506052
979002127
990102164
939810153
993815122
1011314063
1016513078
994110155
948512075
990211164
1017501085
978505163
978706059
976314201
1017813050
989011188
939513191
1017714204
973807137
939513179
948708145
939710035
1002709150
966707107
1009816188
949005121
966716121
991916197
991911234
989214041
949503051
992709200
939915064
947903092
989412127
990216102
978504173
989008188
1000312127
975702073
990216105
978509200
979403006
965712096
977801220
991815139
1002410100
938607131
991602001
978003083
978003197
991807220
991508039
994110022
977411062
938615220
991901056
990209086
993815038
980503114
951216237
939404160
989001162
939804106
1016011071
988315074
939408142
939909029
938602080
991805103
990206114
991905225
994913146
991815071
973801060
974704026
975907007
974901041
991815085
990205096
993609031
992713172
939203196
948707111
990503029
939712039
948702023
993902162
991815054
989715130
979407137
991815216
980502155
973803033
1016805044
978005213
948811237
1000316232
991909152
978003189
980208105
966703224
1010713112
975714152
977001248
938613035
994102090
991816088
994206194
965813126
989405047
994101018
966714106
990412241
939212188
966003065
978512211
966712063
992708050
1017103231
994013034
939708247
949504174
993716059
980513126
989002001
978008212
978511011
995412057
1011208042
1000110158
947906028
975305185
965207086
994108155
994114103
939201011
966702203
1002712244
949511177
991806052
978710136
938615083
1011103184
975710196
939411226
963602031
990203220
999309001
978012226
994103186
966704088
949908120
974902090
948715195
1016215115
989708160
979609207
939812243
951204025
989012238
995607109
948716214
992713211
989213178
991813007
939207032
989401039
974204030
939202136
947910141
1000315057
979412238
1000706243
1000515094
1016312124
1016808012
939913098
976916134
990108162
989009200
980507134
976808173
939508022
948701158
995515008
991901104
948512019
976311074
978510243
980501070
980416164
939215003
948704169
999907151
976104098
991608103
978904112
992004077
947815078
991903247
989413155
979208126
1017710019
948701200
980515038
975714099
947903087
938810161
966713196
980503158
939504045
992713061
992715150
965203156
994912145
948501176
978009094
990215170
991811226
989013199
1009509187
939808136
948103172
976903189
974907069
978705148
994112097
994113092
974013009
978705165
994104030
1002113018
966706166
1016103097
1006916011
978001238
948702009
991901134
979410123
974116119
948507211
978705126
992705149
1000313218
977609015
947510197
989011013
951308148
990203092
1002604235
966808172
964614027
978710016
938802035
974911214
999211191
939902016
993804144
974903053
980514165
939408026
948515122
975712137
947512078
991912100
989405063
998405003
992711009
1006915012
947505038
978011104
975007083
948708109
989001045
974903186
990213051
964306238
974105172
948511160
939409019
978714219
991910205
974911234
980510082
1000508195
938613062
976101229
976312226
995503191
1016808019
994115190
938601140
1002813173
988916088
948713016
1017810187
947915216
939705229
1018114056
1015904089
988914189
966013115
1000316088
939801060
995515061
948716102
978709172
1016213059
978010044
1016201157
978812064
989701158
995503016
939701152
990207153
975711131
991906120
977114104
1000303065
989416192
978008079
978005065
939706008
975703045
965513245
939707073
991915145
980204140
977208245
1009905107
978512104
939904239
991814165
990213057
1002002212
1010908247
1000006055
1015904133
978514029
939710010
966211234
1016204086
949005147
977409106
989402133
974609111
994411035
978705225
990205118
949915094
1017110019
966711074
966716180
990116223
939208151
939816149
989003140
948706160
991816041
978610246
939815203
989404179
993812144
939912026
991410020
991907038
989407134
991810046
999016012
992110124
978502066
1016214227
1002502072
1016005014
990208188
948409244
978007054
988312180
947914232
939802081
949706147
1007001189
978502054
1010909101
979810014
966712027
993805084
978504230
966009136
965407234
1003206229
999803222
975716192
992715049
966213026
939202225
939816230
964607229
1007015010
978515037
1010603218
989014173
1016203066
939804174
1003004157
991909101
976602022
978512241
1017509154
1017606033
1011510076
947504170
976308096
995814106
1009009084
1016212211
991905175
1016411232
978703181
979402007
991108090
993813022
1002305243
938606113
938602118
966416096
980507105
1010304099
991903070
977205076
977612073
939713037
1002211188
993215220
949111167
989308208
948611061
948712113
978703242
980501117
994912130
1016203184
989002180
950508224
992502224
949905161
995505175
975803088
991915063
991803096
992711140
1002808199
966713112
949001136
991902198
1000302243
948512193
978705056
989408102
947303219
1002014182
991803232
938605168
992715106
991906049
938610028
994305005
939210167
975511221
939801136
948513117
939202119
1002014015
998116119
938601129
994103109
989002020
964311208
948514118
947808223
965103225
