993612097
1001605073
1009907152
1010614043
1001907151
999402211
1001403212
950806135
1017106166
976206155
988410189
1009815099
1010009085
947401129
989905107
1002110175
992316052
948215149
994111136
977805250
1010003232
1000709201
992803013
980007110
951209001
974812221
938713055
1016503217
1000503173
947613235
1016007058
963916032
999901115
1001116163
1002005143
975605195
979015233
947508197
1002106236
1017905145
966701098
948216074
1001901018
965908147
1016104071
975606112
948915230
997814229
1018104246
948206095
950502212
978607172
980109225
964409166
939101052
988916111
1017614202
978911208
999512133
979101140
1017215130
990505126
974004029
947804033
978705196
989205231
991908076
1009608063
1017509068
947406139
1011302007
988309052
951006051
975304088
980406108
989915138
964713166
1016209013
1000510127
1017707241
939808125
998711029
977102065
975709121
994813227
999307148
977905182
977911186
1001116010
975214206
990305204
994806175
979913231
1015912230
995016250
963607117
1010813232
989107091
988311094
980002027
994008157
1015809209
938812136
939407216
978006199
994301244
994816183
1001007003
975612134
947616075
979010228
1009504177
999011191
989607117
992614014
991007052
964508203
980001059
989203141
1017401087
1001002172
1017815144
977413043
978314169
1002801034
1002515116
989408172
1009011194
990606063
1017706081
1010116159
979416020
950813160
992810180
966513190
964112127
991305120
994702028
1000204059
990516026
977609027
976009177
951202031
980214073
951112238
975607118
993314205
939806210
979112036
1001513027
947815083
950003087
939507116
999813211
966503099
964514046
977406198
996014058
965712063
991211177
976805167
1011002016
979415215
991112157
965411096
939311206
948013151
938811087
974413225
998115234
992715153
993610036
938609006
1017113147
995508193
995416089
966710112
976814113
1010814148
997908039
1003106048
977815134
950709153
994402151
1015709198
992801046
1010206245
1009316060
1002812143
947911195
975215010
1002503173
1017003201
1000005020
965810100
974111088
975312105
993506155
938713051
1009306009
980401146
991802007
993914037
1017712179
966213024
1000005113
1011203178
998713058
979004099
979402115
991410185
950715206
951209137
948603033
988609144
989413064
978510108
947907136
995009020
973903176
1011405200
1002712020
997910245
965015197
1011011036
993704030
995401188
995609107
939904024
938609107
974408126
980508084
966809101
1017503229
979614170
973909171
1009416051
994808237
964211178
1009907105
950911151
990507175
988405071
994107015
994814027
991312147
966808207
966012200
1002015035
998507114
990116219
948113157
947502183
947314157
1015908076
977614110
978703219
990215181
1016206084
1000914126
975904053
938505183
1010812211
948615049
993105044
991316103
999615190
978508081
999410214
975712242
948404162
994916126
995705185
1003016094
939416231
988214135
988613204
974610186
963304157
974611167
939511178
963603087
939403047
966805008
939013058
964116180
947505246
1018109211
948008142
976502071
1017705189
979613142
939807190
939511250
1016106241
993704181
949912130
964708181
1017508236
965802205
1017513076
964706156
976711191
990306227
1017409138
989408250
947409218
1009306190
1011315035
1010816228
948714112
1002513075
947907090
1018103124
998507019
964201110
938509009
995114149
1009809112
991914165
977101018
1017804250
993109049
979611097
947310222
994303159
990605162
1000201068
1009102120
1011209009
1000706009
950902135
939816192
998703145
950104008
975613179
947410247
965809144
992506163
939813132
1016710017
973915079
1010403200
992105126
976515025
975903016
992111205
997914131
978113232
992614106
1000314160
978603068
965008069
963307172
1009114225
1016206165
1011513011
948207103
988210008
951215153
1011215152
1017613126
1000704026
1009214084
1017616156
1016516218
1018101074
939303097
966513089
1009712095
994813021
964107117
977108200
964515188
1017613107
939708023
1000702106
1017513110
1001906207
995506048
963305185
1015808142
974711072
1017506248
976501117
995602080
999908219
992416109
1010914083
975310244
992205032
990810047
1017101174
964205147
979403198
991813169
1017615107
1017713030
966701144
1016803182
1018106224
947406202
988416027
974506230
1015411187
979909062
1011103092
966708199
991715106
995505237
947508081
995111216
1010401087
963314214
995415108
974005099
966509102
977308039
950704106
991612063
980507233
989703184
1017705064
992109223
977510151
1015705125
991805095
1002802211
1015403226
1017412118
939603181
995012093
949102107
1017613222
975801124
966508028
951308194
990603193
1001214139
938609020
951101103
949502192
999204048
950407038
973714219
1001914140
1001412068
980104071
979602208
1010705127
1016206206
1001613179
1017605001
991211237
992605193
994212115
966016084
993309230
994310237
948705050
989715061
976913044
995311103
979904052
988906184
1002001197
949814193
1000616131
950303157
976508208
1011204126
939513060
974514001
988403125
1015904124
978405065
999914225
995715023
1002416200
974007242
975605031
939806199
992501085
976707198
990003215
963307240
947510159
989015108
991715026
1000911143
1002909169
974502154
976115092
939910189
1015607132
978603181
977410246
975701121
994805073
993101038
1000010090
998501009
1016304052
998707036
989407037
1017511199
995615197
1016814221
1001110132
999005057
964615062
991915116
1017506159
973705182
989807023
1002015233
991701139
976313030
1002705008
993512230
995308146
977806235
965316246
1017913223
1009015187
964106068
1016402154
992303070
989015061
989405127
964412104
939909084
1001902035
977406145
1011505050
1017010103
993909077
1010910131
939907235
949704010
993610014
991816144
1001403050
1002514121
979003247
995702197
1010809039
1016111105
990812020
1001903242
947909077
992113023
976903206
1010710082
1000508071
991602172
1011216074
975613191
994016133
979006165
1001109116
1011008123
999313129
1017003104
1011012160
963815012
998104172
951109200
979213235
965012207
1009415085
980405134
979914006
939408145
1015609100
1015412177
979305134
947906166
1000502172
950316203
998601036
1000310041
975205237
948002133
1016702001
990906234
989012026
976901132
1017212207
992405146
999602092
999805157
1003013002
947811167
1018001166
979602063
990002222
966010160
1001706144
991714184
977116194
1002410206
977411195
991113232
993203145
1002301051
978411150
948708179
979714242
980114242
1000402022
976807066
938715139
939915043
950008076
939406067
995507026
1002301024
939806112
989608103
948714234
999214070
966116159
974111013
1001805208
1015409043
1000902170
999005069
939701138
966807171
1011209135
947609239
979011241
995013110
1017804039
979006238
993701120
990115133
965509009
975614093
975901230
992812196
976409241
1015410041
979113067
939313032
991015054
979015196
993116133
1009415107
993114172
938605208
974112201
1002106194
979008082
948812172
963715213
1017501002
974913208
974307124
1000916029
1011501027
948503216
948714036
1000213131
975609244
976712200
948115121
978907202
1009513144
1017910117
994913166
996016159
997902195
989602087
1011012019
993809233
980301240
1015804142
964309073
999403016
1010808109
992307147
979108020
998707121
964409007
1010711094
948505112
975214056
1000709049
1017403014
975214123
978205085
966715121
963716059
1000716089
974610126
979005070
966807010
974813190
990703052
949908181
948709160
1017701116
989116025
990509207
951203124
1017614218
993613139
1010801062
998615147
1015906100
976311040
976203081
993316203
1000907207
994107235
1011013211
1017507016
1015606094
993916010
977705018
978516001
993216111
1016415208
949901054
974116183
964113248
1011414031
1007009015
975004019
966716088
993902044
989708199
990011247
978413203
1002303082
1016510041
979208123
1009314124
974515045
994214226
992609180
999506141
992013237
1015404098
989007101
993402137
977414192
1011314056
1002814046
995710118
974405165
964109221
990013009
1000007051
1011011185
939511047
993314201
1010903047
974601021
966501041
965807169
980009011
974212149
975810205
1000702238
974407047
1017609136
1016101104
993607134
966003076
1009101168
990509182
992802072
938503194
974702127
975701170
1009507087
964209077
1017409100
998614026
1011515120
991205092
995116114
964201018
1000711188
989014182
994514010
998202180
976904049
977110155
999201162
975711136
964107043
1011514226
966009071
991101014
978508220
1001907011
1016403016
989703185
949113030
947613191
939915136
948503198
1001908224
1002204133
965815111
992404066
949506228
1000514104
974010050
979814070
964904248
1017904122
1000214128
991404071
993314135
1001210009
1017912183
974005010
993814161
938602249
977902065
974605167
1011513017
988315199
998605155
966307020
1001113068
1000201063
989202198
989207125
963315064
1010009026
976002063
975710136
979107210
974605099
999202237
1002113129
947901076
976911233
993215155
947712197
978602164
978916028
980409033
1009414012
976411135
974605118
976915052
947311221
994908028
1011309110
1000306235
1002308123
939808046
964605078
1010014117
1016712177
978003068
948714018
993116250
947709006
977915023
990415228
950804077
1001113189
1015808062
993614063
991115010
991008022
995704154
1017401138
1016001101
989207010
966605198
979405147
978905001
989605136
1016012248
974805190
979113156
995411199
964514099
1015710040
1001404096
976301033
975313079
1011210023
979610134
993814098
990504090
1001408174
1002001054
994206124
993309245
947809176
939908076
1015301024
1010205123
989614148
965908027
980002217
948309222
1011516188
1000409106
1016008200
990409049
1010716234
1002615206
978707137
1011008237
1000013131
999310195
965807171
1009202001
1017710154
989703071
1011211067
974004119
980305196
995401146
947602203
995405001
974409079
1011313216
948203152
1000709205
992811123
999610246
1002812235
977610005
999202191
1015808026
975201079
950906145
1009914133
990710250
975206185
977410012
990002106
1000313079
1017002036
948207020
1010710014
988913223
1000315023
966003093
990414106
1017505020
989611061
1001111001
979114080
989905195
949616240
1015607135
995113022
1010213016
964506195
1017908195
1001803195
995104044
1000014196
1009312230
1015709083
1010012190
1011314139
974305189
1017716092
991903088
1000713132
989014249
1009409205
1016812177
977008223
949506210
973905152
1010209173
994307137
979106136
976505092
1010406185
979616230
947607121
939812205
963913129
976509162
1001807069
1017101194
1001103215
974304247
991105126
992106046
965714232
951003053
999216001
937808200
